%|FECHA_CAPTURA|RCP21|RN21|RE21|RC22|RN22|RE22|RC32|RN32|RE32|RC43|RN43|RE43|AO21|AO22|AO32|AO43|AD21|AD22|AD32|AD43|AR21|AR22|AR32|AR43|DVCTIPO|DVRTIPO|ENTTIPO|RECTIPO|TEXTIPO|TINTIPO|INCIDENCIAS22|INCIDENCIAS21|RETRASOS21|RETRASOS22|RETRASOS32|RETRASOS43
1028 0 38 0 0 23 0 0 5 0 3 5 0 94 133 0 88 94 30 0 25 94 72 0 76 0 2 313 2 0 0 0 0 12 5 0 1
1027 0 48 0 0 13 0 0 4 0 3 4 0 89 111 0 106 89 63 0 7 89 29 0 6 1 35 303 2 0 0 0 0 0 0 0 0
1026 0 33 0 0 18 0 0 6 0 3 6 0 82 123 0 84 82 50 0 28 82 43 0 28 2 7 287 0 0 0 0 0 0 10 0 2
1025 0 46 0 0 17 0 0 4 0 8 4 0 85 102 0 77 83 29 0 11 83 23 0 7 1 10 262 1 0 0 0 0 0 0 0 0
1024 0 33 0 0 18 0 0 5 0 3 5 0 97 117 0 106 96 47 0 29 96 40 0 28 0 8 320 0 0 0 0 0 3 3 0 0
1021 0 55 0 0 23 0 0 5 0 5 5 0 70 99 1 102 70 34 1 19 70 29 1 19 4 5 268 0 0 0 0 0 0 0 0 0
1020 0 46 0 0 18 0 0 5 0 1 5 0 73 89 0 93 72 32 0 13 72 27 0 12 1 6 254 0 0 0 0 0 6 17 0 0
1019 0 33 0 0 18 0 0 6 0 2 6 0 102 103 0 87 102 55 0 16 102 35 0 16 3 20 288 1 0 0 0 0 3 6 0 0
1018 0 58 0 0 16 0 0 6 0 6 6 0 86 111 1 74 84 35 1 11 84 28 1 6 0 11 272 0 0 1 0 0 3 1 0 0
1017 0 34 0 0 20 0 0 4 0 5 4 0 97 117 0 117 96 44 0 31 96 34 0 30 1 11 330 0 0 0 0 0 1 2 0 0
1014 0 46 0 0 26 0 0 5 0 3 5 0 69 92 0 126 69 27 0 33 69 21 0 35 3 6 283 1 0 0 0 0 0 0 0 0
1013 0 40 0 0 23 0 0 4 0 2 4 0 78 109 0 89 77 37 0 8 77 31 0 7 1 7 274 1 0 0 0 0 0 2 0 0
1012 0 2 0 0 2 0 0 2 0 3 2 0 0 0 0 81 0 1 0 13 0 0 0 14 0 1 81 0 0 0 0 0 0 0 0 0
1011 0 50 0 0 23 0 0 6 0 5 6 0 67 129 0 85 67 58 0 15 67 44 0 15 1 15 281 0 0 1 0 0 0 0 0 0
1010 0 40 0 0 17 0 0 5 0 2 5 0 107 127 0 104 106 46 0 28 106 34 0 28 0 12 338 0 0 0 0 0 0 0 0 0
1007 0 49 0 0 25 0 0 6 0 3 6 0 59 88 0 91 58 32 0 8 58 28 0 6 2 7 235 0 0 1 0 0 0 0 0 0 
1006 0 51 0 0 18 0 0 6 0 6 6 0 92 88 1 98 92 30 1 25 92 26 1 26 0 4 275 5 0 0 0 0 0 0 0 0
1005 0 46 0 0 21 0 0 6 0 0 6 0 108 126 1 0 106 89 1 0 106 43 1 0 1 46 226 8 0 0 0 0 0 0 0 0
1004 0 50 0 0 22 0 0 10 0 5 10 0 83 99 0 85 83 33 0 21 83 26 0 21 1 7 265 1 0 0 0 0 0 0 0 0
1003 0 34 0 0 22 0 0 4 0 3 4 0 107 119 0 99 106 35 0 19 106 30 0 17 3 7 321 1 0 0 0 0 1 2 0 0
0930 0 43 0 0 26 0 0 6 0 3 6 0 60 89 0 88 60 39 0 21 60 33 0 21 0 6 236 1 0 0 0 0 8 8 0 0
0929 0 50 0 0 15 0 0 4 0 3 4 0 82 90 0 107 81 61 0 16 81 28 0 16 2 35 275 2 0 0 0 0 0 0 0 0
0928 0 44 0 0 23 0 0 6 0 1 6 0 89 83 0 108 89 52 0 20 89 36 0 25 3 17 272 2 0 3 0 0 0 0 0 0
0927 0 43 0 0 19 0 0 5 0 6 5 0 80 98 0 85 79 27 0 4 79 27 0 3 0 1 264 0 0 0 0 0 0 0 0 0
0926 0 37 0 0 14 0 0 2 0 3 2 0 82 94 0 79 81 47 0 22 81 39 0 18 0 13 255 0 0 0 0 0 0 0 0 0
0923 0 46 0 0 20 0 0 2 0 5 2 0 70 70 0 88 70 20 0 13 70 18 0 13 0 2 227 1 0 0 0 0 0 0 0 0
0922 0 39 0 0 17 0 0 4 0 4 4 0 81 86 0 80 79 23 0 28 79 23 0 23 1 5 241 5 0 0 0 0 0 0 0 0
0921 0 34 0 0 26 0 0 6 0 2 6 0 99 99 1 70 99 46 1 21 99 46 1 18 2 3 263 4 0 0 0 0 0 0 0 0
0920 0 41 0 0 21 0 0 5 0 7 5 0 70 95 0 82 69 37 0 18 69 37 0 14 0 4 246 1 0 0 0 0 7 11 9 0
0919 0 30 0 0 17 0 0 3 0 6 3 0 99 92 0 95 99 32 0 23 99 32 0 23 0 0 286 1 0 0 0 0 4 14 0 0
0916 0 53 0 0 23 0 0 5 0 4 5 0 73 99 0 78 72 25 0 26 72 25 0 21 0 5 249 1 0 0 0 0 6 22 0 4
0915 0 43 0 0 13 0 0 5 0 3 5 0 82 89 0 119 78 39 0 32 78 39 0 27 1 5 291 1 0 0 0 0 0 0 0 0
0914 0 48 0 0 24 0 0 6 0 4 6 0 82 90 0 98 82 27 0 17 82 27 0 12 1 5 269 0 0 0 0 3 4 6 0 0
